ID,class1,class2,class3,class4,class5,class6,class7,class8,class9
0,0.004348787318867349,0.6365416800987928,0.011560322168377136,0.03913534437975948,0.037487389843015376,0.02127798622174562,0.24959817824292072,5.0311726521272125e-05,0.0
1,0.10676272076049118,0.0056778928665074165,0.004263501939237232,0.041216220593132395,0.10107565571167709,0.7289498686495817,0.008488278396010605,0.0,0.0035658610833610807
2,0.45922476698265563,0.14187514391708259,0.010864929294132089,0.08225172489122273,0.026681355613434345,0.06826206403130074,0.18617191946161332,0.0,0.02466809580856024
3,0.35847240269563657,0.0057448701951643135,0.11308674763601045,0.4865095567242978,0.00017828865578865577,0.012310546430693525,0.022263427574130915,0.0,0.001434160088277735
4,0.10755803197748226,0.029557810417137086,0.0,0.12569876287798884,0.3128933190354756,0.35908394664689774,0.06395032529647852,0.0012578037485390424,0.0
5,0.03292317391157184,0.0008987423360952775,3.333333333333333e-05,0.026872638086028276,0.8386502930856812,0.07071037601302523,0.02991144323426832,0.0,0.0
6,0.5370216406801804,0.17328950985718802,0.0005565426240426241,0.014817736573412997,0.022112164926576715,0.06029251995364831,0.19190988538495202,0.0,0.0
7,0.055142461138792453,0.09876921237860835,0.06906165533898477,0.3250740952674764,0.007475535124490239,0.03284907069882304,0.4049677611165906,2e-05,0.00664020893623061
8,0.009141571202990612,0.270901632300517,0.00011503734827264238,0.00812861487236236,0.00751844944185502,0.017704658023136356,0.6864179855288156,0.0,7.205128205128205e-05
9,0.013453398888218294,0.12316989515354025,0.011262977157995712,0.05518496719638409,0.028086204450227917,0.10058034689823908,0.6682278982911741,3.43119642227763e-05,0.0
10,0.49557497785958265,0.08320641737019266,0.015461226057347286,0.26848393865648806,0.05257798306412077,0.04925849436081638,0.020032037773028536,0.0,0.015404924858423362
11,0.17543778152875678,0.0013982154446860323,0.0017286563436563433,0.6718484158617464,0.040336601668025863,0.022683939021934395,0.08211665125895744,0.002000740648240648,0.0024489982239982236
12,0.06877722469223237,0.08515340517325784,0.02149340864845516,0.3710317122050642,0.17288062066588386,0.04654360738418788,0.13105476693241383,0.07731678515584854,0.02574846914265654
13,0.05026164017949118,0.46812841789606074,0.004971576756576754,0.11899865342282437,0.03493274171417198,0.10437271608852086,0.2139320041110013,0.0,0.004402249831351996
14,0.030844186608276657,0.6239370021506926,0.005122795812394111,0.018351178149095367,7.994107744107745e-05,0.003884701594997779,0.31660747245352594,0.001066093365698629,0.00010662878787878787
15,0.21015673411968186,0.015890097096745777,0.00816386453329953,0.376669568726594,0.036304681439131986,0.24989502347428888,0.10123446410160157,0.0,0.0016855665086547439
16,0.019869443808685334,0.38659030601342287,0.003615046464543367,0.01549804110320368,0.0016595956692086716,0.04000347425936227,0.5308706339181144,0.0,0.0018934587634587632
17,0.15113860846580032,0.13037231940200472,0.016532598047807098,0.4007305446323011,0.025944037556011334,0.12835672832813236,0.14413564992798725,0.0025734025288437047,0.0002161111111111111
18,0.15883401769791386,0.06776551463844017,0.001089436959669158,0.19448697825103156,0.01694811001280919,0.20912011654033041,0.3512778300068091,0.0003168825618825619,0.00016111333111333114
19,0.06312630268902145,0.10483122338706259,0.004126690697186728,0.04847016648231569,0.01276769048632111,0.06475260676102668,0.7014122481136191,0.0004876056582030796,2.5465725245485365e-05
20,0.055477908828357785,0.006089332040508509,0.0015918125295756869,0.8846406742758858,0.002495192585192585,0.02371628143954136,0.008798768518203515,0.002278566751446007,0.014911463031292758
21,0.12145535111259544,0.07060163170936372,0.1251926471378638,0.03293962919519423,0.028689445180722292,0.007581987835006423,0.6046187933428804,0.004127474328217361,0.004793040158156254
22,0.03541858769623613,0.6897711972241486,0.0058083047671282926,0.0017051121977437766,0.0333408624115823,0.018777073510128695,0.21517886219303314,0.0,0.0
23,0.3050852672118099,0.04722148696332906,0.00023516095016095013,0.5794348877046508,0.018641181386552942,0.00520716181994819,0.04106157624453292,0.0,0.0031132777190130117
24,0.4870061936833383,0.13614533564016545,0.0024756767965436696,0.00572358371504656,0.05638050118354299,0.01846815106805823,0.29050563229970416,0.003294925613602083,0.0
25,0.21823668911113103,0.005043443794767322,4.615384615384616e-05,0.6287095993129845,0.07520623741090396,0.039753076039887196,0.02441106617926284,1.8181818181818182e-05,0.00857555248672896
26,0.03135341598808215,0.17059779325699295,0.052688536564236554,0.008032090580796989,0.13120294255234347,0.03729214026695574,0.5686678082778878,0.00016527251270388407,0.0
27,0.3959176790072676,0.032927781486659244,0.002305914363414363,0.4138316325100764,0.043789627573492924,0.05603364813841124,0.05519371692067822,0.0,0.0
28,0.07275430178347991,0.23353370476105223,0.010751320840367616,0.10317584282297684,0.14862028009318592,0.14844452644116388,0.24961374127417815,0.030704364573015373,0.0024019174105801592
29,0.6497056403227208,0.009457114705040421,0.039413604924487276,0.27504411819204794,0.0028233894124451387,0.011030461544482983,0.012128695717094585,0.0,0.00039697518168106406
30,0.030780536737156642,0.2043756408346561,0.02348034454463308,0.2646574501064054,0.005901285549241847,0.03552257019847796,0.4271690676318946,4.498550724637682e-06,0.00810860584680796
31,0.3468383453704822,0.006649472150196823,0.0005382173992158513,0.523738622689745,0.0029194940293025113,0.08815935525006344,0.02273389038979597,0.006824501495236789,0.001598101225960291
32,0.03203258647011744,0.395749237178369,0.00683108465408001,0.026611252446384067,0.023746132561109436,0.008219416815554595,0.4367903830088047,0.022155324980317262,0.047864581885262984
33,0.7563063040563057,0.028383112690398154,0.00039459871735156055,0.20207324139717894,0.0017774132522191024,0.005702444177483697,0.005282885709062179,8e-05,0.0
34,0.10378829686309504,0.06465323356210353,0.03403714860131274,0.22383168100475367,0.0048690426927733435,0.14733388236032938,0.4057335165299083,0.0,0.01575319838572164
35,0.03242874887324583,0.005230665821106996,0.05363006027684057,0.022953983062860846,0.050637536293256236,0.8263732839434402,0.007910193597252427,0.00040154250977780386,0.0004339856222209163
36,0.0079577480571922,0.424247185015029,0.00030446498976606046,0.011755810392787914,0.0024930767065845863,0.14995641364410217,0.40325732659136204,1.6e-06,2.6374603174603172e-05
37,0.002935037016646923,0.0007673437673437673,8.939393939393939e-05,0.9934536711998017,0.0015757850070466167,0.000761003502001954,0.00032609890109890104,2.5e-05,6.666666666666666e-05
38,0.015011300942779306,0.26080469342490964,0.06937826638359912,0.019715230128488692,0.02567076218930713,0.018141433834483422,0.5912783130964332,0.0,0.0
39,0.13443973328570172,0.060147214037252934,0.00033852163956079624,0.04476917445051418,0.023207898342814295,0.3426921059081748,0.36970309274921276,0.0,0.02470225958676733
40,0.11226110928815064,0.1934751189384104,0.010530944881156554,0.11556768303165227,0.028155472627454572,0.02245901098094582,0.2993150124547485,0.21135050304750552,0.0068851447499762315
41,0.02818688534461761,0.007237465687906865,0.0544171725470953,0.02416932335981879,0.04273889909711903,0.8356476292842022,0.006174294496353322,0.0006886383551089435,0.000739691827780063
42,0.10517012209668515,0.04447743555206411,0.2559421411500429,0.14342903710037075,0.022966775707093132,0.1207255251379911,0.3072722965890834,0.0,1.6666666666666664e-05
43,0.01521687338551731,0.1405617671167917,0.021758827927879018,0.011886816670003863,0.0010850768675768677,0.004921659947379759,0.7681731753893953,0.03639580269545746,0.0
44,0.017923921518797722,0.008841149283293253,0.00020341491841491846,0.901244594633095,0.06032607367950246,0.0009794581725464078,0.010396135269099684,0.0,8.525252525252525e-05
45,0.0770959583577508,0.45873149261969637,0.013664180977261511,0.077416702638653,0.0006092360417360418,0.04025208800444485,0.3321900762089407,0.0,4.026515151515152e-05
46,0.05294635012304515,0.3476263701838238,0.0048855694305694275,0.18331701315110766,0.03278975275326674,0.12159792211228733,0.2509267972644827,0.0,0.005910224981416927
47,0.28156335486509854,0.0067727560571523415,0.0008478515516131616,0.5810693841686133,3.92156862745098e-06,0.018375347602174283,0.05530237215742626,0.0,0.05606501202929517
48,0.06673186443922922,0.22662709010055318,0.09445465875185866,0.08456007452619331,0.076292450256839,0.10856455261023146,0.342769309315093,0.0,0.0
49,0.2808816757641567,0.04724811259107013,0.007124677571048092,0.19131964433145104,0.15777968242909904,0.1352340744758469,0.1414872307318174,0.0023459587653661706,0.03657894334014372
50,0.1751068249062227,0.13535490333767702,0.01893770291112404,0.3453536570565121,0.023412701400766504,0.14008636220818432,0.15774486674144542,0.004002981438066575,0.0
51,0.2917711515066571,0.11163765233820175,0.014947473717634616,0.20950353113014486,0.06627478301768072,0.19896546305174032,0.06052986186586028,0.018546157122031736,0.02782392625004855
52,0.010366861879950135,0.11811626401118624,0.0021920399208634495,0.10491637028602306,0.01108806260990475,0.013055259595066128,0.7014263972182327,0.03883874447877554,0.0
53,0.1498805738868977,0.027995804766269203,0.010387028248669137,0.726200969936326,0.018230769003442417,0.018300542445514628,0.049004311712882866,0.0,0.0
54,0.04859628508488419,0.00816370084164202,0.16227810515306187,0.10279664416191302,0.499380453172334,0.16918298416951466,0.00960182741664941,0.0,0.0
55,0.05510308266892764,0.11521420898644902,0.028765023848700368,0.5564630901466452,0.025574869137570403,0.1359892776750699,0.08252511884572221,0.0001977081741787624,0.00016762051673816384
56,0.0019373460199930783,0.31924581267830215,0.026168145805175347,0.00995852869696525,0.2765539145448253,0.01557496690787714,0.3505431035286777,1.8181818181818182e-05,0.0
57,0.02661366768766157,0.11780243738975126,0.10073715256106103,0.12315435804305783,0.08883215156962054,0.023589703241375125,0.4834796428253554,0.0,0.035790886682117315
58,0.15638521366263108,0.06448133857179815,0.14142848233786046,0.07426006919717111,0.11119058473359678,0.15564994981370445,0.2965763415530153,2.802013022009892e-05,0.0
59,0.09935783499696015,0.31091830344835597,0.0076778267149087654,0.2713818522258614,0.08125310192559386,0.020520750863343814,0.20356536523933533,0.0,0.005324964585637959
60,0.029222797807498136,0.15876380719056524,0.0023080352149373725,0.14861208532810252,0.026389226010485465,0.02262375405979712,0.608108703119013,0.0,0.0039715912696021045
61,0.017537315943641874,0.12086764398989885,0.043951318128771406,0.02577841320702509,0.07023271038825622,0.032605505031933664,0.6880630155387495,9.680061948204195e-05,0.0008672771522433649
62,0.04507688825364525,0.0027291228379463664,0.003873530337052009,0.01751901880713029,0.24485210176476327,0.6689581677971124,0.011362855461531958,0.0028348474401415557,0.0027934673006731825
63,0.1536962706921013,0.04412242497265086,0.04785520114388539,0.5020341056832832,0.01499978896834167,0.2107238940489307,0.02630902933152161,5.454545454545454e-05,0.00020473970473970472
64,0.01603984431465338,0.13465451891167451,0.0018790655021974408,0.015069636018465957,0.0033939964683174927,0.005796445929381806,0.8225128639375165,4.878048780487805e-06,0.000648750869014027
65,0.007889326859930589,0.6579400178638006,0.003123781007777911,0.006097606670934844,0.04433447411463666,0.00266526787711772,0.2779161922724677,0.0,3.333333333333333e-05
66,0.04091605108599696,0.12336586401894722,0.10398703658167051,0.02239342944689365,0.036363331264949575,0.004460467428728968,0.6685138201728139,0.0,0.0
67,0.06537081530773643,0.6182711694643963,0.0003141724405996467,0.042910143245567904,0.009151363731219244,0.006606146644325145,0.2521925414372172,0.004753515361305993,0.00043013236763236764
68,0.18942303166933724,0.0012304459659646027,0.014049726205167432,0.6513382969328018,0.009799120556558344,0.13353668275497202,0.0006060292485292487,0.0,1.6666666666666664e-05
69,0.11454093841488511,0.10582743348787105,0.010272409162045396,0.2115274209571407,0.12119355981429006,0.05575476066663034,0.2695780047703456,0.020288643365062902,0.09101682936172853
70,0.05796861627794299,0.10610977524023922,0.23924502424132446,0.04015461315430356,0.028508282266409248,0.035641613956219294,0.4802381116381025,0.0005643051066580478,0.011569658118798995
71,0.2978491369526205,0.06588484145713247,0.0018567091242091237,0.3910922219046032,0.03893384355754329,0.05956244860682905,0.04677451426024954,0.0063136585705316365,0.09173262556627948
72,0.3705468826769684,0.027803429768545964,0.004972960719191366,0.2707103821649466,0.06123763375393836,0.1636600815933743,0.10106862932303287,0.0,0.0
73,0.18069917793595447,0.02814084562582243,0.008550490444368161,0.45094261984048983,0.024980774320279057,0.25645548162200343,0.04952188560235782,0.0001931240981240981,0.0005156005106005105
74,0.153819657842969,0.3262592710620223,0.0033745367017624303,0.1429866142945276,0.006100866180711364,0.05286504395321632,0.31169455694784504,0.002827087524800298,7.236549214525225e-05
75,0.27105217847254115,0.05667733962459973,0.0038206427451117826,0.46724500785128037,0.0026647538246067637,0.002975249472749471,0.1941962869303043,0.00016471306471306472,0.0012038280140911715
76,0.06821535795731609,0.10413032156869603,0.0007870277761454234,0.5548934319684449,0.15709446029666943,0.04948909310417826,0.0598694955792402,0.0,0.0055208117493101986
77,0.03190056705076834,0.0014720332445332443,0.06664809279128145,0.8416114841763006,0.02331395444940343,0.00019561879297173414,0.03485824949474335,0.0,0.0
78,0.02491235352191376,0.0022423400455753393,0.0735874381403358,0.019965027563857235,0.019011433862834853,0.851302609829187,0.007053230233818475,0.001003029290970467,0.0009225375115081001
79,0.11787510071541824,0.23122131716419994,0.022547694864475106,0.24413615982053488,0.05899346052180714,0.013012633615954079,0.3121154514794292,5.9999999999999995e-05,3.818181818181818e-05
80,0.007942051239953722,0.2908166045693198,0.03814313230629031,0.013494745107833384,0.018533018589597584,0.012737966734847592,0.6183324814521571,0.0,0.0
81,0.10653377809295243,0.07334236548023676,0.021031320614370217,0.08882515715192937,0.25714342106682475,0.10776781018143494,0.3444429472790475,0.0,0.0009132001332001332
82,0.047199706138375014,0.41057978103709886,0.01789011273298429,0.016432615197839697,0.06455333002343362,0.007185060470145616,0.4356842771644158,0.000475117235705471,0.0
83,0.00885736606517778,0.13174863710353416,0.0003344890517782084,0.010328353685648132,0.003687330425849914,0.006198264798800087,0.8349369877725951,5.707070707070707e-05,0.0038515003895499213
84,0.5747027207686749,0.09068256055327216,0.059266796428545605,0.15709372580499747,0.01748774185782631,0.07747810054392615,0.023157719122123173,0.0,0.00013063492063492062
85,0.0387496122584883,0.0029964105012634423,0.002283917614033713,0.9495198582391957,0.004571043694867222,0.0006848815683800203,0.0011942761237730278,0.0,0.0
86,0.4248083034096966,0.04315312262385021,0.06942103896963021,0.13044652383392316,0.005558078334634064,0.13243488909525286,0.194161377066346,0.0,1.6666666666666664e-05
87,0.10366253670620013,0.10453428021496863,0.02184147906702866,0.08570507008815048,0.21558074193910792,0.08616903759780974,0.3821481644655421,0.0,0.0003586899211899212
88,0.05465524177834559,0.3621084537738689,0.02610774111681241,0.19395699007129483,0.08142355386107437,0.018540585076818793,0.26320743432178323,0.0,0.0
89,0.013893398131613017,0.05639526182129736,0.018528762985238884,0.004875659545852126,0.012408624520935312,0.005861381594417962,0.8874562508245545,0.0005780289971466442,2.631578947368421e-06
90,0.006851535358315665,0.20324716693225237,0.0007969174991422958,0.01486921887040129,0.011909700639511288,0.007170837840501889,0.755024765719981,7.652380656440663e-05,5.333333333333333e-05
91,0.011551224543430435,0.0018740877096759452,1.6666666666666664e-05,0.9543775307123218,0.01346202057746178,0.0032556140428199242,0.015462855747623553,0.0,0.0
92,0.10660244093883403,0.11592191447441401,0.003732523995612226,0.5256258349407733,0.06362813515260096,0.034585787867962875,0.1373688904765683,0.0,0.01253447215323378
93,0.03590225566468157,0.2240193834640861,0.011269898120805867,0.07722015327395299,0.049940120156726366,0.14223584824100544,0.4594006445270169,1.6e-06,1.0096551724137932e-05
94,0.0510909066097303,0.005226803940813227,0.004360067183418574,0.23058502968050185,0.08491482363783429,0.581324512317747,0.041018251843615676,7.269607843137254e-05,0.0014069087079071594
95,0.012045817489184376,0.23091811517829602,0.0037142386114057922,0.038184444838450834,0.04342829880948245,0.028989383786148567,0.6288490409669604,0.013870660320072099,0.0
96,0.017065222660036943,0.2382345035596983,0.17482758740564014,0.01465922830437542,0.03279476163379116,0.0135163679552302,0.5088737570526568,2.857142857142857e-05,0.0
97,0.18840848449925088,0.0017191673930172318,0.008403967617349982,0.6941091657370875,0.014593924154494977,0.09171873076973687,0.0009809421134421134,0.0,6.561771561771562e-05
98,0.15888876069206095,0.006633404905469788,0.0011968560034736505,0.14395107449361783,0.35849637778699395,0.3273999543229616,0.003021018237868082,0.0,0.0004125535575535576
99,0.23373382644945923,0.00040771431183195885,0.0,0.7151730719820836,0.03081658312044371,0.0035697861452273208,0.00484364142393554,0.0,0.011455376567017454
100,0.02220203319066931,0.1678783038305006,0.0019249225971826578,0.6460722881821432,0.0277399898158258,0.017806417513515086,0.1059873570633011,0.010388687806861202,0.0
101,0.03152212720715819,0.37905613760766116,0.006553703701699055,0.02691106187671983,0.024220174756444203,0.008145861730288983,0.44905356362935334,0.023759008489790245,0.05077836100088421
102,0.041991483373568506,0.2968634331044869,0.029324639172877556,0.01976408011063587,0.15951315105397565,0.035280812822368605,0.3569524531891132,0.060114218457243115,0.0001957287157287157
103,0.06081908044737895,0.033862183545429664,0.0010755794205794208,0.7518857131471386,0.010390703091198465,0.09774059364152507,0.04422614670675046,0.0,0.0
104,0.09920782603791115,0.46608032333507543,0.004369933824345589,0.019078151749351478,0.04615609138453572,0.0037641001843014207,0.34886968978733623,0.01001971389635476,0.0024541698007874467
105,0.015422698447063808,0.33598480368407324,0.08105007681946516,0.020919935638836623,0.06118266158072787,0.0017470317745549942,0.43451992218778696,0.04063143150193473,0.008541438365556011
106,0.47764740769883784,0.0013803569276141093,0.001380240536896883,0.4026787626572775,0.0001482238942088463,0.10405584228376674,0.01159340549027859,0.0,0.001115760511119577
107,0.09507335767028298,0.10066553546041142,0.014448807943003045,0.2876354387757882,0.0019907480428068658,0.010604706432198715,0.472165458479429,0.0027827195224795842,0.014633227673599234
108,0.6555367862532561,0.012274068738362835,0.001638919427665557,0.2182681576725625,0.08726478339460234,0.018830489119401737,0.005178068793951145,0.00022837587249351955,0.0007803507277036689
109,0.6861191823232636,0.0054062195484254295,0.003476977796884917,0.014066567047503614,0.002285368765221705,0.17693889425186463,0.11170679026683668,0.0,0.0
110,0.006892209640204993,0.5841557265025988,0.034339261455778564,0.03345210196322434,0.010657191574335565,0.028893615812292335,0.3016098930515637,0.0,0.0
111,0.005494736309442189,0.024759833534198864,0.011018740318848717,0.8950101433757188,0.01576244497418651,0.0011930246507878088,0.044459813933056966,0.0007331132756132756,0.0015681496281496283
112,0.31912449144336785,0.01437005233844248,0.001766634639869934,0.5234276979496258,0.03422780328890242,0.015927039811753467,0.09022505769857922,0.00014583333333333332,0.0007853894961247902
113,0.22374197993355127,0.0005809869542222484,0.0048159370110453644,0.2529474458616715,0.4555839945082427,0.051963957329220704,0.010304183250530027,6.151515151515152e-05,0.0
114,0.20336559942178678,0.0064032042727691545,0.001229274304127245,0.1904480590390003,0.2753711171223068,0.3197775889630037,0.0029659366527864965,0.0,0.00043922022422022435
115,0.7246822732582188,0.11562951861176315,0.0020504697753227163,0.06607469836836705,0.021551818149171127,0.04650067462465303,0.023510547212505454,0.0,0.0
116,0.4121726986223271,0.04285019907680902,0.06436112173000713,0.13248026055471873,0.005389467223522952,0.14707159547710627,0.19545799064884187,0.0,0.00021666666666666666
117,0.27497779845799175,0.000605585248085248,0.0014459838810999795,0.12432054427083057,0.013640683212556329,0.5569235189191614,0.027464653003515298,0.00031131673881673876,0.00030991626794258373
118,0.1630398675292714,0.04823421584521434,0.016334334164287753,0.12568954210134503,0.014243921095244668,0.16488751480116015,0.4465272781492682,0.00931355820649939,0.011729768107709282
119,0.2790223046408131,0.007223437875334165,0.0009803515516131614,0.5791804828248589,3.92156862745098e-06,0.018839583448027775,0.0574202846860741,0.0,0.0573296334046518
120,0.3455501853304931,0.09043650837122943,0.0031019748388866025,0.2779967610227745,0.07534906292056749,0.025076467847082437,0.1824890396689655,0.0,0.0
121,0.07810996868135377,0.010327767562674702,6.166666666666667e-05,0.8518173931793525,4.3956043956043955e-05,0.02742053127299261,0.012981414753117593,0.01359437750931562,0.005642924330571385
122,0.024227684959482024,0.0021477178050707453,0.06334465779202923,0.02192495100299119,0.021943816402895413,0.8530821559229281,0.00720388779521133,0.003293545245604068,0.0028315830737889553
123,0.2852875252121434,0.002398147016382309,0.049972156062891446,0.0021113721082838717,0.567067692545671,0.08690047014990493,0.00626263690471895,0.0,0.0
124,0.32497892741133605,0.10670912756033599,0.005841432238594257,0.13576284668034413,0.003482562334976859,0.03639476020909295,0.38675367689865237,7.666666666666666e-05,0.0
125,0.16803919899072356,0.01818136428500983,2.6666666666666667e-05,0.6156770655978014,0.038154338550166776,0.05500317373029452,0.09223263001274609,0.001175442792501616,0.011510119374089968
126,0.13937305969026875,0.22626798256775305,0.09579664503079638,0.04916979475117248,0.06332956222106795,0.0391796797887356,0.37453814286751147,0.005753280415236935,0.006591852667456382
127,0.8496789551553129,0.006030370261833105,0.004652959622077266,0.01503914877606056,0.011053560087143706,0.04211664135572036,0.07130836474185241,2e-05,0.0001
128,0.6768577185761702,0.010756758323166334,0.08344282753787631,0.16067570725525723,0.0027831783739136677,9.555555555555555e-05,0.02690301582662264,0.0,0.038485238551438254
129,0.3823879057999098,0.0027606429028487842,0.0,0.04096582171784188,0.33832494723871437,0.2323230231087914,0.003055400792018439,0.00018225843987453892,0.0
130,0.0480472356968798,0.007472648289103399,0.014874775073567681,0.05904988396192734,0.1382423742554312,0.6573127135136955,0.06291981381707386,0.011951388725653439,0.00012916666666666667
131,0.008643336378963338,0.21973619365691197,0.0004892792089231719,0.02217947700304513,0.0032525825679308646,0.026164137605304272,0.7186979364693655,0.0,0.0008370571095571094
132,0.007287423311982136,0.008868994042593123,0.011043740318848718,0.9198847658026552,0.01565374145548299,0.000986449559212717,0.03399581089103538,0.0,0.002279074618192264
133,0.04117400870371471,0.16676800822526658,0.04334259080273018,0.40879830752491086,0.19079936986997068,0.04270922040519871,0.10636849446820766,0.0,4e-05
134,0.00741275558978346,0.0013901707356970513,0.0024109792039745588,0.9007220653965429,0.04790083018169366,0.0007440984015984016,0.03627873419034722,0.0006547008547008548,0.002485665445665446
135,0.2704632329882014,0.004209948450242565,0.023840732248487696,0.24187072078763985,0.020762671327640415,0.01953669139168372,0.36023882597450757,0.024701799225026803,0.03437537760656961
136,0.015947576572893946,0.0009251754617931089,0.0,0.9707929579682452,0.001780420133701867,0.005753511896600129,0.0030971233745614537,0.0017032345922051804,0.0
137,0.16274197835600931,0.026033663935823445,0.021084742629231833,0.42861138571077856,0.04704405431341966,0.20277929061066188,0.11009753721613784,0.0,0.001607347227935463
138,0.09252622626184148,0.11067900828689117,0.0022407455453043673,0.032903471504988596,0.04437747246361023,0.015020320838289124,0.702252755099076,0.0,0.0
139,0.1072159689880496,0.010149161606367495,0.055117238979892076,0.7728935097235501,0.008264977573166445,0.00026033066606596017,0.013550265439754619,0.0,0.032548547023152304
140,0.00565596621865529,0.049852304633987106,0.08899589383292096,0.03162047967624427,0.11050116223822677,0.00524268763872866,0.7078383827486303,0.0,0.0002931230126083067
141,0.008756723391847236,0.6205394839270139,0.0019804067011419944,0.03030947545802601,0.010102554504662893,0.016584966352189277,0.3113477405691141,8.444444444444444e-05,0.0002942046515575927
142,0.3343844539619292,0.01078484623993141,0.00019284493284493288,0.6116661466377573,0.008517033611383468,0.012062142737125624,0.014546154808383954,0.0001596434937611408,0.00768673357688064
143,0.01909153617058935,0.34841721450550306,0.013608427991447883,0.06038536243684785,0.04735962765659423,0.019746368570930057,0.4906326787273025,0.0007302125122140401,2.857142857142857e-05
144,0.6356962853054949,0.02254250790661012,0.0030634133513545276,0.3045084084865637,0.013720715197815803,0.0109577772794801,0.009510892472680433,0.0,0.0
145,0.04066295722509345,0.0005382683656213068,0.013230703494991473,0.7655606965546847,0.05399687007059739,0.008713343878343886,0.10627822850923713,0.005444736097236094,0.0055741958041958025
146,0.1441091385821445,0.007889858696776532,0.001558594820212467,0.11810708201550749,0.3351207524816378,0.3895088959035465,0.003497770407267309,0.0,0.0002079070929070929
147,0.2730012076947912,0.19229140970232583,0.023684723654291816,0.07204873475584445,0.045197155204529556,0.01678907672757351,0.3761110752640177,0.000296458266467308,0.0005801587301587302
148,0.4500732423287055,0.018006756215920346,0.14881498631227738,0.3770970378065353,0.0,0.0014144712477065417,0.000635697439815087,0.0,0.003957808649039297
149,0.024838425217713206,0.2479344052387239,0.02310205792831185,0.05028387075858439,0.23748875225737465,0.014844205475467118,0.39521578733959517,0.0027042770095401666,0.003588218774689363
150,0.10436203426914364,0.10601113768251885,0.012337799234649102,0.17052549535413264,0.00765710371328019,0.013641501988723402,0.5854649277575531,0.0,0.0
151,0.03456161738556725,0.1874779388400183,0.06625450273858505,0.009261440920000278,0.1289283129973107,0.0370844519923155,0.5362220181690548,0.0002097169571483285,0.0
152,0.13774108006944208,0.03319578794700319,0.023245915981163715,0.10793488694969622,0.011951631557894892,0.3183004021320425,0.348045434031277,0.008920691726574082,0.010664169604904898
153,0.04879628508488419,0.00816370084164202,0.16254381943877616,0.10275664416191303,0.49911759602947686,0.16902012702665753,0.00960182741664941,0.0,0.0
154,0.6096546380511477,0.002610368552156477,0.0013092156493317484,0.06992783339639351,0.1705228740025025,0.1431977347102502,0.0027773356382179894,0.0,0.0
155,0.004360923879182392,0.23068052080444454,0.020582701156772402,0.009832603001573612,0.012026068167298858,0.010135397359778205,0.71238178563095,0.0,0.0
156,0.47051835135624587,0.0010151002755414524,0.014399055657105244,0.057740676937441573,0.11790873626029955,0.33813807804424567,0.0002800014691191161,0.0,0.0
157,0.030090148947200062,0.6752517236805171,0.009667886105982081,0.11771474357599748,0.01727874123296726,0.018983747138654274,0.1281767119756751,0.0017597841193893822,0.0010765132236184867
158,0.1597238297366173,0.022671277189442875,0.0719913414446339,0.02054340811175789,0.22331715470116342,0.4987623875059285,0.0029506013104542506,2e-05,2e-05
159,0.26171592677345507,0.0048519033580798265,0.026342110642419998,0.26815687339959127,0.13790585376282952,0.2910663668835908,0.009960965180031691,0.0,0.0
160,0.41489841056178395,0.07581567470111587,0.005680376975965209,0.34286675474250483,0.004831457762784316,0.016224959264423584,0.12317735432180478,0.004748931036283976,0.011756080633332965
161,0.026080922107648168,0.13501618270446425,0.03984162333366672,0.15542755259961882,0.13822613153956154,0.03911392117686241,0.4314549431537199,0.0,0.03483872338445868
162,0.33782441005155495,0.0027241521387109616,0.0,0.6022677741161866,0.0005522477522477523,0.02350931727371361,0.027080932984284413,0.004471987753388682,0.0015691779299132236
163,0.21332461839245112,0.0826782044327846,0.01898953289228835,0.07723968973862756,0.07429993293398376,0.4453721775604784,0.07979149325170413,0.00830435079768201,0.0
164,0.09154579367137493,0.033846204289570934,0.06302204475005561,0.686030499436477,0.04765451304139994,0.009472981796325474,0.03262994071030454,0.01609189861394197,0.019706123690550956
165,0.4980934657233049,0.007332919783175208,0.0,0.26258896208882265,0.08795681908047197,0.10437969045488339,0.03874192613286275,0.0009062167364798945,0.0
166,0.4238383174580845,0.009282145401897736,0.0004895859695859696,0.43291665686497866,0.01939516324576704,0.08170437671118001,0.032373754348506686,0.0,0.0
167,0.2168882156826661,0.0345437870230905,0.011600930224746042,0.42247360486520646,0.0025871031007176507,0.09191938033157049,0.17629242485241003,0.0,0.043694553919592705
168,0.018557492766091872,0.32367943642835,0.10045790095954923,0.02456138998514392,0.05758875367319006,0.0020672193320954934,0.4274866892064575,0.043521438635324185,0.0020796790137966605
169,0.002668258379047853,0.04652156658576771,0.0009465768175752693,0.0026064304812834223,0.046435307193666335,0.0019679265179265173,0.8836330269399073,0.015220907084831294,0.0
170,0.0926580825202544,0.054470428845551984,0.004897913145503829,0.0044474048383068175,0.14000407686913197,0.20448028120666123,0.4939750107017646,0.0,0.00506680187282657
171,0.07425506337642393,0.03712807750041504,0.004883606046516261,0.2291745257174881,0.008790079890869386,0.3391148555831837,0.30406704779585686,0.00014633699633699633,0.002440407092907092
172,0.04040234760938044,0.5342983433605963,0.0042816648788535335,0.0808466162632649,0.039525813277408874,0.04038491305648822,0.25815355071110846,0.0003323868778280543,0.0017743639650682997
173,0.022683078387351854,0.02562623197270678,0.003865807260567659,0.01976856503266715,0.010450350453685468,0.04191050287922104,0.8755988962511945,9.656776260836267e-05,0.0
174,0.020473474657505118,0.374850490758212,0.013521586035779253,0.050399213892665023,0.0699478925919896,0.1203457087063526,0.34613328127588905,0.0016631261375353536,0.0026652259440711292
175,0.039444573874815134,0.1172018486276567,7.071286400053523e-05,0.005011154108277353,0.024175366183696537,0.005461789257431429,0.8084100641983895,0.00020634552232662792,1.8145363408521303e-05
176,0.12022916623959673,0.04594611493954838,0.002620011056193073,0.02126199818811526,0.06015438542280717,0.15085144389449628,0.5836178291538817,0.005537189199689198,0.009781861905673029
177,0.1335323909021982,0.005029206055382522,0.032461885606018495,0.11902783334297747,0.08551989840535153,0.6102534251026673,0.01244076296080941,0.0017345976245976245,0.0
178,0.018754618613970608,0.12654286781760837,0.001700161095592666,0.0743380353825203,0.01766478839357881,0.0014079229335789633,0.7556763329497772,0.0002560923227099697,0.0036591804906665557
179,0.045481836716774866,0.21903489705953652,4.3333333333333334e-05,0.46079281536055594,0.03066479060812966,0.049780125708484904,0.15853606466397424,3.555555555555555e-05,0.035630580993653765
180,0.07496612394399545,0.17055927067285434,0.03319404758817615,0.09335431909020891,0.03807611705757844,0.030985451524739454,0.5551298891028134,0.0037347810196339624,0.0
181,0.755456156300843,0.013571054497591058,6.654316145312881e-05,0.2291936937741285,0.0007556000025659467,0.0009569522634228516,0.0,0.0,0.0
182,0.2554414713501751,0.0023847945759091264,0.013893519323813455,0.5443475873927528,0.047459520949989745,0.11239714198392639,0.023848528525997583,0.0,0.00022743589743589744
183,0.22958783690251913,0.0012575044400044402,0.00044,0.43911251411643004,0.2387799012107594,0.0467474347513513,0.04398552286464833,8.928571428571429e-05,0.0
184,0.22014565835803437,0.22890611282620324,0.03184933572361599,0.20779044143936606,0.015880761578126668,0.04692557088149736,0.24198462715990582,0.000634568005094321,0.005882924028156227
185,0.06129226550796985,0.1915923223725914,0.008277659953565535,0.008230214474208289,0.033815107363658385,0.008373752582127207,0.6492955521399746,0.014257057405958371,0.02486606819994594
186,0.03863473611633505,0.059548599283915586,0.00985347132748348,0.006939104713476119,0.03784836122626532,0.00860108057168296,0.8376365321340429,0.0009381146268014698,0.0
187,0.003797913030382069,0.16527159964185217,0.08219071390855415,0.04640730006461733,0.0017688356904533367,0.01695458777720396,0.6835908680687574,0.0,1.8181818181818182e-05
188,0.1481218523226525,0.0069324344869993735,0.0011536741852918322,0.13070939726561712,0.3584214759248608,0.3511876156641777,0.003133723865573709,0.0,0.0003398262848262848
189,4.06984126984127e-05,0.17299387334360838,0.0010951332405124974,0.049308581124189316,3.9657989069753775e-05,0.011745586355467099,0.7647598028677889,1.6666666666666664e-05,0.0
190,0.0026999436511201207,0.2229249040707429,0.04064972782205761,0.022958660063407733,0.0032223238036473327,0.013375653987918486,0.6941687866011093,0.0,0.0
191,0.022556282429002265,0.21802430254534017,0.015811662791647387,0.006426623705933165,0.004487741560659515,0.03381953563362235,0.6968841080215524,0.0019897433122433123,0.0
192,0.005776681613065443,0.8558207992193216,0.0011346407187583657,0.011670769282578758,0.00656216167389542,0.0033377046929678493,0.10448384223828698,0.010785935482347186,0.00042746507878086825
193,0.050563574972229,0.2113770766705529,0.02388458331322959,0.08504726753865607,0.0231577258140541,0.13717151012581047,0.4285652998776576,0.0013843177233858436,0.038848643964423966
194,0.38168741493499686,0.17739379392103838,0.008298112340998245,0.3128468843710648,0.06483751073739408,0.036496221008654434,0.011082010889007824,0.0,0.007358051796844366
195,0.012094567623638865,0.07452321333121642,0.004991397115955939,0.009618222702649962,0.04127080223440136,0.0069761275274433186,0.8504410720359831,0.0,8.459742871507579e-05
196,0.3235712009060759,0.02109283222453503,0.005281329193682133,0.42454887794781754,0.13757674877582002,0.05244634295013562,0.034202343555137724,0.0007975685425685426,0.0004827559042264925
197,0.018842532518482887,0.6243502192218945,4.857142857142857e-05,0.16065139246890014,0.0388925242404281,0.011091430688334734,0.12889358812636312,0.0,0.017229741307024603
198,0.04700810022519747,0.2482503227990041,0.011622480083030818,0.07302164614098423,0.009732550073250608,0.13984956003691046,0.469033331025997,0.0013953804442705699,8.66291713535808e-05
199,0.18581537274241458,0.05494362951376108,0.00013796536796536796,0.3127450712296781,0.08831446587210479,0.12857685574487443,0.1842527192097549,0.04518296793849425,3.095238095238095e-05
200,0.10744006748497427,0.002215794254764842,0.002916452518070164,0.06712355135834243,0.22233781801703623,0.5712180065445379,0.02665336032732323,7.676767676767676e-05,1.8181818181818182e-05
201,0.08604357217515879,0.0738686338334865,0.045881425387478046,0.26773625874641377,0.02264465206276357,0.04022535683013252,0.4296096229553045,0.00011224089635854342,0.03387823711290435
202,0.3444634801043468,0.021548499952919548,0.0018219134460310921,0.5074793681764018,0.025325582730269913,0.08208038881088675,0.015785748056037552,0.0,0.0014950187231069585
203,0.08627892993773438,0.1552329297557685,0.007316928327024691,0.20577427387242314,0.06159085618510392,0.1525473921174821,0.33122827530402077,2.031794871794872e-05,1.0096551724137932e-05
204,0.012314740428175364,0.8474550775192808,0.004464205940258569,0.006116480103405665,0.0016824604927236503,0.0009723538449854239,0.09380242316114801,0.03265287423932466,0.0005393842707000601
205,0.48314254918496474,0.006563478526117844,0.0008062481962481963,0.07142546262960629,0.044394145076898664,0.38087373430883115,0.008067732657779113,0.0,0.0047266494195518935
206,0.03240230961430176,0.5453565811864154,0.05309971029378999,0.05320411192781892,0.0600228527332482,0.015188285827570392,0.24045138187955922,1.6e-06,0.0002731665372941235
207,0.6764783249386617,0.012321706756435907,0.005753347820050604,0.17603817806533514,0.01820931392249341,0.022886515892649006,0.08802497107923378,0.0,0.00028764152514152515
208,0.4093091902289386,0.01196212512461742,0.15166118159726483,0.23376158502562952,0.018112444586978558,0.16742805168168312,0.007765421754887713,0.0,0.0
209,0.042751854799826995,0.17048057260648894,0.03445150511425283,0.029997931695927106,0.04017318008586896,0.031350695515355034,0.6501636201034062,0.0006306400788753732,0.0
210,0.1342467137075394,0.0015569601391041017,6.153846153846154e-05,0.8138956535791945,0.0412092635428765,0.0009442531324884266,0.0006512762237762237,0.0,0.007434341213482085
211,0.1241280388124535,0.1954075705658293,0.11263680737219423,0.014407207710590128,0.02904818108619974,0.03428206362952498,0.48694217933025813,0.001796480186480186,0.0013514713064713066
212,0.05718511216423749,0.00319708848341201,0.0002783466533466533,0.8730397574776867,0.0021854881229881225,0.026869520641859542,0.015218629367708332,0.004499871002750258,0.017526186086015826
213,0.10815035471347392,0.21042018701647494,0.008042929897957588,0.057725814115529565,0.04471697940255435,0.06214350211005599,0.4652107494871893,0.04250205989118531,0.0010874233655766656
214,0.1839161904827642,0.06394584962114047,0.003963157755237823,0.053014441521050275,0.09252130002253363,0.44268862715180196,0.15986065177878303,1.690018761281912e-05,7.288147907595268e-05
215,0.396643766598107,0.16805672623307527,0.00016780126501702387,0.39029028460530324,0.014228714392599252,0.019801369619516788,0.008972559560838205,0.00044426903162197285,0.0013945086939204587
216,0.027262312759480007,0.10439931504426049,0.09554346009339798,0.13741565668593542,0.09755906025690843,0.02361021158064507,0.46912617750154995,0.0,0.04508380607782311
217,0.12192698644269337,0.005675567830861949,0.0013461934960464364,0.26088899824169554,0.27179245714656797,0.33446829479842516,0.003103609380815262,0.0,0.000797892662892663
218,0.19887856448419097,0.02018404001227532,0.036020567466589194,0.2876099444552695,0.20923303378424138,0.10159399746022801,0.14647985233720562,0.0,0.0
219,0.04769685830028069,0.34271186465616815,0.011089714463691207,0.047720502202346034,0.01674051228482392,0.05121489256570075,0.48282565552698853,0.0,0.0
220,0.02332708676850589,0.012565144953086145,0.0011666176307352776,0.04738946825071109,0.05406232439148175,0.826533304201486,0.03495605380399809,0.0,0.0
221,0.024131585323860946,0.056140028639492974,0.13362946206838278,0.04788163883416216,0.21816648310495854,0.015045972099795628,0.23149609196516058,0.17127860544534657,0.10223013251883953
222,0.6663606920001149,0.04509327514126748,0.0,0.12196107989198983,0.0028054755856458634,0.06993921909386143,0.0474018156238327,0.009718070266506814,0.036720372396781095
223,0.10016238248679431,0.2617226511409724,0.05138127720757436,0.056596118692109405,0.0306136693835547,0.03336642466580549,0.46603320486141736,0.00012427156177156177,0.0
224,0.060833214869066295,0.002190814038902274,9.743589743589742e-05,0.7368682408621676,0.0011155777229306637,0.025264414271658892,0.01905144209333842,0.010544598468267222,0.14403426177623546
225,0.4879843633470079,0.002609964654368678,0.004250109139226785,0.14021929274629752,0.01394541295340373,0.3387767037632119,0.010597374404061739,0.0,0.0016167789924214063
226,0.12844155390865516,0.025867659328116,0.04308918744310388,0.5754884443188018,0.12932834279661926,0.04314184642121619,0.054289086884608435,0.0,0.0003538788988788988
227,0.04198758732062287,0.4757475212623699,0.03988841532306707,0.038103222559734896,0.07516284370312527,0.06820754309976362,0.260902866731315,0.0,0.0
228,0.2413683152274346,0.05381864198580921,0.0007157476673653145,0.39359332513239154,0.0011444591519591517,0.04045035559212025,0.2676381022273069,0.0006221285903638845,0.0006489244252479546
